1.70783520e-01
6.59692287e-02
3.49712372e-02
3.61380577e-02
3.48489285e-02
3.51235867e-02
3.54387760e-02
2.15691090e-01
3.51390839e-02
3.40492725e-02
3.48565578e-02
3.44264507e-02
3.47650051e-02
3.44095230e-02
3.61278057e-02
3.50151062e-02
3.43039036e-02
3.45754623e-02
3.50334644e-02
3.78811359e-02
3.56914997e-02
3.58486176e-02
3.43966484e-02
3.44316959e-02
3.52067947e-02
3.44111919e-02
3.47659588e-02
3.58457565e-02
3.41811180e-02
3.36463451e-02
2.12880611e-01
3.45995426e-02
3.45721245e-02
3.48117352e-02
3.36098671e-02
3.57174873e-02
3.56123447e-02
3.52602005e-02
3.85332108e-02
3.58266830e-02
3.43444347e-02
3.60760689e-02
3.79266739e-02
3.53591442e-02
2.10495949e-01
7.77490139e-02
3.47714424e-02
9.35835838e-02
3.56578827e-02
3.43880653e-02
3.55789661e-02
3.51617336e-02
3.48825455e-02
3.50430012e-02
3.47158909e-02
3.64120007e-02
3.50959301e-02
3.44326496e-02
3.61900330e-02
3.42519283e-02
3.62355709e-02
3.49156857e-02
3.41677666e-02
3.84106636e-02
3.53078842e-02
3.53703499e-02
3.46028805e-02
3.48467827e-02
3.53369713e-02
3.45795155e-02
3.52914333e-02
3.46543789e-02
3.51285934e-02
3.48572731e-02
3.35620880e-01
3.43525410e-02
3.55081558e-02
3.47609520e-02
3.66885662e-02
3.58703136e-02
3.42340469e-02
3.63254547e-02
3.48217487e-02
3.72612476e-02
3.51445675e-02
3.49261761e-02
3.50062847e-02
3.51250172e-02
3.43961716e-02
3.53534222e-02
3.54046822e-02
3.57375145e-02
3.53081226e-02
3.45768929e-02
9.42077637e-02
3.43956947e-02
3.54835987e-02
3.53691578e-02
3.41253281e-02
3.47714424e-02
3.59427929e-02
3.37471962e-02
3.44934464e-02
3.52468491e-02
3.62091064e-02
3.63485813e-02
3.47840786e-02
3.40127945e-02
3.49354744e-02
3.83348465e-02
3.61528397e-02
3.51819992e-02
3.55086327e-02
3.44552994e-02
3.50363255e-02
3.56388092e-02
3.76508236e-02
3.70461941e-02
3.70481014e-02
3.41939926e-02
2.36749172e-01
1.18829966e-01
3.56671810e-02
3.65071297e-02
3.58076096e-02
3.49161625e-02
3.69763374e-02
3.60536575e-02
3.56936455e-02
3.73926163e-02
3.55520248e-02
3.46562862e-02
3.46927643e-02
3.44152451e-02
3.59373093e-02
3.63047123e-02
3.51643562e-02
3.53753567e-02
3.52425575e-02
3.64544392e-02
2.20184565e-01
3.51202488e-02
3.41358185e-02
3.63001823e-02
3.53028774e-02
3.44481468e-02
3.62248421e-02
3.48582268e-02
3.49614620e-02
3.61194611e-02
3.59258652e-02
3.52923870e-02
3.78305912e-02
3.41632366e-02
3.49836349e-02
3.55660915e-02
3.45985889e-02
3.47421169e-02
3.55207920e-02
3.52966785e-02
3.47783566e-02
3.58028412e-02
3.44324112e-02
1.98580980e-01
1.66585922e-01
3.61614227e-02
3.54475975e-02
3.58455181e-02
4.07547951e-02
3.55408192e-02
3.44791412e-02
3.53624821e-02
3.74729633e-02
3.53617668e-02
3.50866318e-02
3.61993313e-02
3.47499847e-02
3.52282524e-02
3.48081589e-02
3.47118378e-02
3.56340408e-02
3.45470905e-02
3.42359543e-02
3.27933788e-01
4.06377316e-02
3.54723930e-02
3.61466408e-02
3.77185345e-02
3.63345146e-02
3.47642899e-02
3.46179008e-02
3.57468128e-02
3.90741825e-02
3.49042416e-02
3.56254578e-02
3.43463421e-02
3.64117622e-02
3.63216400e-02
3.51305008e-02
3.60002518e-02
3.49817276e-02
3.48808765e-02
3.47106457e-02
9.46624279e-02
3.55980396e-02
3.56276035e-02
3.47383022e-02
3.68540287e-02
3.54392529e-02
3.50346565e-02
3.49650383e-02
3.65421772e-02
3.40104103e-02
3.43577862e-02
4.21371460e-02
3.96449566e-02
3.47831249e-02
3.47578526e-02
3.69086266e-02
3.54814529e-02
3.49023342e-02
3.51607800e-02
3.44085693e-02
3.54015827e-02
3.51638794e-02
3.50475311e-02
3.56965065e-02
4.02295589e-02
3.86550426e-02
1.02980614e-01
3.51693630e-02
3.47199440e-02
3.53548527e-02
3.64904404e-02
3.46226692e-02
3.48541737e-02
3.59845161e-02
3.49106789e-02
3.58633995e-02
3.93087864e-02
3.80172729e-02
3.58324051e-02
3.55095863e-02
3.54428291e-02
3.83822918e-02
3.53767872e-02
3.51135731e-02
3.58283520e-02
3.51846218e-02
3.57785225e-02
3.57608795e-02
3.58254910e-02
3.59101295e-02
3.63571644e-02
3.53341103e-02
1.19950294e-01
3.56712341e-02
3.62024307e-02
3.52888107e-02
3.63242626e-02
3.50744724e-02
3.48474979e-02
3.48477364e-02
3.47306728e-02
3.49459648e-02
3.49595547e-02
3.57217789e-02
3.57301235e-02
3.56349945e-02
3.58641148e-02
3.81610394e-02
3.75125408e-02
3.64189148e-02
3.47292423e-02
3.59477997e-02
3.46384048e-02
3.40554714e-02
3.50413322e-02
3.54361534e-02
3.60782146e-02
1.20175600e-01
3.68826389e-02
3.48863602e-02
3.56628895e-02
3.48618031e-02
3.46820354e-02
3.49407196e-02
3.60503197e-02
3.58843803e-02
3.55141163e-02
3.58793736e-02
3.60288620e-02
3.58960629e-02
3.58824730e-02
3.53765488e-02
3.81605625e-02
3.41155529e-02
3.59058380e-02
3.55484486e-02
3.49173546e-02
3.48041058e-02
3.62772942e-02
3.60953808e-02
3.53615284e-02
3.56709957e-02
3.53353024e-02
1.53355598e-01
3.68008614e-02
3.40533257e-02
3.56905460e-02
3.54058743e-02
3.47156525e-02
3.50406170e-02
3.60653400e-02
3.50890160e-02
3.49309444e-02
3.62863541e-02
3.66950035e-02
3.57046127e-02
3.54139805e-02
3.77457142e-02
3.50868702e-02
3.64520550e-02
3.54952812e-02
3.56612206e-02
3.50584984e-02
3.59356403e-02
3.59947681e-02
3.56869698e-02
3.66227627e-02
3.46848965e-02
1.03544950e-01
3.50525379e-02
3.55887413e-02
3.54986191e-02
3.55832577e-02
3.43818665e-02
3.62720490e-02
3.42986584e-02
3.55825424e-02
3.46086025e-02
3.57460976e-02
3.53045464e-02
3.50453854e-02
3.58960629e-02
3.57954502e-02
3.80253792e-02
3.46615314e-02
3.49538326e-02
3.47077847e-02
3.54907513e-02
3.65457535e-02
3.54406834e-02
3.60424519e-02
3.47394943e-02
3.61499786e-02
3.56779099e-02
1.86348915e-01
3.54213715e-02
3.46128941e-02
3.57043743e-02
3.54540348e-02
3.57916355e-02
3.51290703e-02
3.59451771e-02
3.47738266e-02
3.54919434e-02
3.63039970e-02
3.58164310e-02
3.51958275e-02
4.00652885e-02
3.53424549e-02
3.62737179e-02
3.56624126e-02
3.53174210e-02
3.47559452e-02
3.45737934e-02
3.52497101e-02
3.55083942e-02
3.51991653e-02
3.60496044e-02
1.53622627e-01
3.58481407e-02
3.45227718e-02
3.52046490e-02
3.58886719e-02
3.65600586e-02
3.65979671e-02
3.55553627e-02
3.61402035e-02
3.54621410e-02
3.62305641e-02
3.60326767e-02
3.50244045e-02
3.54917049e-02
3.89626026e-02
3.56845856e-02
3.66601944e-02
3.49159241e-02
3.51004601e-02
3.51049900e-02
3.51979733e-02
3.62465382e-02
3.56521606e-02
3.55336666e-02
9.19661522e-02
3.57229710e-02
3.47802639e-02
3.64837646e-02
3.57587337e-02
3.52647305e-02
3.51057053e-02
2.49842167e-01
3.72648716e-01
3.59456539e-02
3.71248722e-02
1.76711321e-01
2.24698782e-01
3.55091095e-02
3.48567963e-02
3.57959270e-02
3.56831551e-02
3.56397629e-02
3.57809067e-02
3.87816429e-02
3.71665955e-02
3.58555317e-02
3.64842415e-02
3.50039005e-02
3.58083248e-02
3.64856720e-02
3.53536606e-02
3.51533890e-02
3.49497795e-02
3.56755257e-02
9.41073895e-02
3.51142883e-02
3.85513306e-02
3.50646973e-02
3.51777077e-02
3.75969410e-02
3.58333588e-02
3.55532169e-02
3.81848812e-02
3.51500511e-02
3.96099091e-02
3.52671146e-02
3.52470875e-02
3.81877422e-02
3.48811150e-02
3.80949974e-02
3.77810001e-02
3.55050564e-02
3.57341766e-02
3.81309986e-02
3.64634991e-02
3.87117863e-02
3.65316868e-02
3.53002548e-02
3.80971432e-02
3.49838734e-02
9.54930782e-02
3.65486145e-02
3.93807888e-02
3.45416069e-02
3.49869728e-02
3.81264687e-02
3.63738537e-02
3.61485481e-02
3.81977558e-02
3.65157127e-02
3.88143063e-02
3.42447758e-02
3.44178677e-02
3.86765003e-02
3.56082916e-02
3.79807949e-02
3.57313156e-02
3.46062183e-02
3.52592468e-02
3.55470181e-02
3.60548496e-02
3.60326767e-02
3.37820053e-02
3.57346535e-02
3.56705189e-02
3.54955196e-02
4.55025673e-01
3.48393917e-02
3.62365246e-02
3.57270241e-02
3.52418423e-02
3.81608009e-02
3.46930027e-02
3.55966091e-02
3.54280472e-02
3.43639851e-02
3.52976322e-02
3.56669426e-02
3.44114304e-02
