8.46164227e-02
1.20676517e-01
7.11793900e-02
6.58926964e-02
3.21212769e-01
1.01185322e-01
3.03783178e-01
6.77978992e-02
6.85358047e-02
1.23008490e-01
6.61885738e-02
6.80267811e-02
6.69186115e-02
1.60940170e-01
6.76858425e-02
6.42073154e-02
6.67603016e-02
6.96523190e-02
1.38881207e-01
6.95145130e-02
7.03494549e-02
6.84604645e-02
1.34323835e-01
6.61666393e-02
1.06808424e-01
6.96697235e-02
3.29228640e-01
2.27530718e-01
6.83741570e-02
1.30371809e-01
6.63216114e-02
2.32130051e-01
1.20692492e-01
6.85787201e-02
6.79633617e-02
7.13150501e-02
1.90042019e-01
6.99112415e-02
6.65025711e-02
6.92007542e-02
1.68758392e-01
6.62622452e-02
6.79409504e-02
6.78105354e-02
1.26444578e-01
6.73046112e-02
7.73236752e-02
6.70788288e-02
6.62553310e-02
1.28753662e-01
6.61902428e-02
6.69260025e-02
2.86803007e-01
6.92951679e-02
1.27932549e-01
1.26833677e-01
6.84506893e-02
6.65764809e-02
6.80701733e-02
1.23226404e-01
7.22613335e-02
1.34198189e-01
6.75983429e-02
1.23521328e-01
6.88977242e-02
6.81407452e-02
8.84346962e-02
1.18782043e-01
7.04622269e-02
6.83455467e-02
7.19132423e-02
6.79736137e-02
1.82616711e-01
7.08734989e-02
6.76901340e-02
6.84349537e-02
1.86447620e-01
7.52134323e-02
6.57539368e-02
1.25136137e-01
6.92102909e-02
6.91328049e-02
7.12985992e-02
1.03395700e-01
1.91277742e-01
6.71877861e-02
7.34820366e-02
1.61945105e-01
6.73508644e-02
6.76712990e-02
6.69159889e-02
1.19047642e-01
6.78646564e-02
2.09107637e-01
1.22708321e-01
6.74948692e-02
7.26304054e-02
6.78679943e-02
7.29169846e-02
1.22390509e-01
6.96108341e-02
6.74693584e-02
6.71353340e-02
1.72316074e-01
7.02762604e-02
6.99405670e-02
6.89725876e-02
2.55483627e-01
7.06138611e-02
2.53488779e-01
6.64789677e-02
6.74831867e-02
1.92865849e-01
6.85365200e-02
7.30268955e-02
6.77089691e-02
1.27452374e-01
6.86962605e-02
6.79886341e-02
6.67812824e-02
7.10949898e-02
1.27187967e-01
6.73892498e-02
2.95265436e-01
6.63096905e-02
6.80751801e-02
6.77876472e-02
1.43204451e-01
7.02171326e-02
6.62400723e-02
7.11300373e-02
1.28387213e-01
2.32117176e-01
6.78758621e-02
1.23197556e-01
6.82783127e-02
7.63931274e-02
6.67657852e-02
1.26831770e-01
7.37876892e-02
6.83159828e-02
6.75907135e-02
1.51705027e-01
6.56895638e-02
6.82005882e-02
6.77614212e-02
6.62596226e-02
1.32891893e-01
8.51976871e-02
7.25686550e-02
6.72228336e-02
2.43141890e-01
3.11932325e-01
6.76968098e-02
6.78198338e-02
7.23102093e-02
2.54771709e-01
6.92901611e-02
6.67319298e-02
1.24129772e-01
2.17267036e-01
6.68423176e-02
1.26469612e-01
7.78307915e-02
8.11722279e-02
6.80360794e-02
1.32194042e-01
6.69665337e-02
6.98306561e-02
8.11431408e-02
1.59126282e-01
6.67197704e-02
6.73561096e-02
6.66332245e-02
1.00771427e-01
2.15806007e-01
6.69181347e-02
1.29599810e-01
6.71768188e-02
6.99193478e-02
1.06218338e-01
9.93382931e-02
9.44452286e-02
7.35399723e-02
6.91249371e-02
6.59341812e-02
1.31527185e-01
6.69591427e-02
6.89318180e-02
7.04293251e-02
1.21285915e-01
1.07525349e-01
6.82201385e-02
6.75714016e-02
1.23010874e-01
6.82797432e-02
6.80575371e-02
7.59425163e-02
6.81223869e-02
1.26746178e-01
6.72533512e-02
6.76784515e-02
7.15541840e-02
1.88914299e-01
6.84549809e-02
6.88149929e-02
6.61568642e-02
2.40215302e-01
6.81092739e-02
6.70700073e-02
3.64899635e-01
1.65790796e-01
6.68387413e-02
2.66246557e-01
6.80091381e-02
6.69717789e-02
6.85291290e-02
6.67521954e-02
1.22878313e-01
1.55931950e-01
6.78486824e-02
2.45529175e-01
6.55589104e-02
7.21635818e-02
1.22862101e-01
6.71076775e-02
6.72998428e-02
7.08968639e-02
2.83729315e-01
6.62665367e-02
6.71598911e-02
1.27029419e-01
7.27131367e-02
6.73861504e-02
6.66475296e-02
1.23975754e-01
6.62474632e-02
6.77361488e-02
6.75878525e-02
1.69246435e-01
6.68356419e-02
6.78117275e-02
6.67374134e-02
7.04495907e-02
1.35874748e-01
6.80899620e-02
6.67107105e-02
6.83197975e-02
1.22422934e-01
6.80787563e-02
1.04518652e-01
6.67557716e-02
6.59463406e-02
1.25988960e-01
6.81891441e-02
6.74233437e-02
7.45828152e-02
1.18232489e-01
6.72492981e-02
6.74459934e-02
6.79728985e-02
6.84955120e-02
1.52243853e-01
6.72247410e-02
6.73837662e-02
6.55758381e-02
1.57818556e-01
9.14182663e-02
6.96210861e-02
6.79211617e-02
2.08098888e-01
7.25224018e-02
2.92217493e-01
1.22617078e+00
7.33997822e-02
1.23436928e-01
6.73029423e-02
6.87980652e-02
6.79244995e-02
2.05464602e-01
7.13512897e-02
7.01997280e-02
7.16898441e-02
1.23306751e-01
6.82425499e-02
7.45525360e-02
7.02526569e-02
6.86039925e-02
1.20483398e-01
6.79299831e-02
6.73232079e-02
1.02232456e-01
1.25891924e-01
7.00392723e-02
6.88333511e-02
6.71930313e-02
6.67676926e-02
1.26930952e-01
6.88920021e-02
6.91130161e-02
6.62035942e-02
1.24048710e-01
6.71889782e-02
1.05414152e-01
6.91444874e-02
1.22534275e-01
6.99560642e-02
7.23469257e-02
7.08935261e-02
7.55429268e-02
1.12169480e+00
1.50644612e+00
1.48259425e+00
1.20174360e+00
7.35123158e-02
2.77672291e-01
4.62090969e-01
6.74433708e-02
7.27365017e-02
1.27449036e-01
1.12021685e-01
6.87282085e-02
1.31533885e+00
8.84847641e-02
7.19945431e-02
6.77847862e-02
6.89830780e-02
4.77258444e-01
6.80325031e-02
6.72802925e-02
6.60998821e-02
7.14588165e-02
5.78781128e-01
6.89504147e-02
6.68199062e-02
1.88750505e-01
6.73813820e-02
7.52358437e-02
6.65214062e-02
1.85282946e-01
6.71479702e-02
6.76457882e-02
6.70845509e-02
1.64716482e-01
7.35580921e-02
6.86731339e-02
7.18848705e-02
1.24100924e-01
7.32319355e-02
6.67784214e-02
6.80160046e-01
4.48075533e-01
8.01217556e-02
1.10629320e-01
1.11700535e-01
7.00750351e-02
8.10430050e-02
2.38021851e-01
7.47711658e-02
1.24780893e-01
6.62033558e-02
6.89520836e-02
6.79454803e-02
6.76236153e-02
2.86191702e-01
7.31003284e-02
1.25133038e-01
7.24298954e-02
7.29348660e-02
6.84924126e-02
6.83786869e-02
1.22678518e-01
6.71424866e-02
6.70621395e-02
1.91927671e-01
6.65907860e-02
6.72228336e-02
6.68220520e-02
7.15107918e-02
1.42137051e-01
8.95774364e-02
6.83650970e-02
6.73053265e-02
1.23651028e-01
7.00240135e-02
1.19556665e-01
7.01320171e-02
5.68259001e-01
7.17342854e-01
6.72454834e-02
7.36644268e-02
7.02154636e-02
4.67092037e-01
6.68411255e-02
6.67588711e-02
6.65264130e-02
6.95750713e-02
1.31870985e-01
6.71565533e-02
6.67173862e-02
6.50887489e-02
6.65225983e-02
1.21349335e-01
6.71815872e-02
1.14635229e-01
7.35092163e-02
5.25511742e-01
7.08801746e-02
6.51533604e-02
7.02612400e-02
7.08905220e-01
1.79120302e-01
6.65102005e-02
6.71548843e-02
6.62126541e-02
1.79003477e-01
8.48498344e-02
6.97274208e-02
6.76994324e-02
1.23032570e-01
6.85910463e-01
7.71584511e-01
1.16432190e-01
6.72187805e-02
6.82411194e-02
1.21987820e-01
6.88226223e-02
6.80627823e-02
1.01161957e-01
1.22732162e-01
6.67424202e-02
7.04116821e-02
7.10315704e-02
6.65156841e-02
1.55822515e-01
6.84871674e-02
6.90436363e-02
6.73825741e-02
1.58497334e-01
7.34288692e-02
6.90636635e-02
6.73668385e-02
2.18770504e-01
7.06896782e-02
1.04375601e-01
1.26394272e-01
6.67567253e-02
6.60390854e-02
7.28423595e-02
1.68586969e-01
6.90667629e-02
6.79833889e-02
6.93490505e-02
1.61366224e-01
1.21194720e+00
7.09931850e-02
6.58271313e-02
7.50570297e-02
1.27339602e-01
7.29331970e-02
6.71195984e-02
6.95850849e-02
2.56679296e-01
2.07948208e-01
6.75668716e-02
6.98235035e-02
6.82721138e-02
6.96673393e-02
3.73317480e-01
1.22745037e-01
1.08426332e-01
7.64095783e-02
6.93416595e-02
1.21426105e-01
6.77216053e-02
6.76944256e-02
7.17475414e-02
1.92262650e-01
6.12737894e-01
1.23308659e-01
7.60333538e-02
6.89606667e-02
7.02199936e-02
1.20974302e-01
7.03070164e-02
6.68547153e-02
1.02076530e-01
1.20739222e-01
6.68461323e-02
7.92095661e-02
6.86903000e-02
6.74028397e-02
1.21188402e-01
6.96394444e-02
6.86693192e-02
6.80735111e-02
1.29361391e-01
7.22987652e-02
1.07274532e-01
6.83107376e-02
