1.76844358e-01
6.53808117e-02
6.79047108e-02
6.46152496e-02
6.53774738e-02
6.42962456e-02
6.41715527e-02
6.84254169e-02
6.80234432e-02
6.42101765e-02
6.81419373e-02
6.73356056e-02
6.41918182e-02
6.39832020e-02
2.37674713e-01
6.38632774e-02
6.39212132e-02
6.41210079e-02
6.51528835e-02
6.73794746e-02
6.58736229e-02
6.40332699e-02
6.42445087e-02
6.41496181e-02
6.73363209e-02
6.38878345e-02
1.79611921e-01
6.44717216e-02
6.77471161e-02
6.41727448e-02
6.42600060e-02
6.41407967e-02
6.43088818e-02
6.39860630e-02
7.89518356e-02
6.79244995e-02
6.40180111e-02
6.75458908e-02
7.85419941e-02
2.58985996e-01
2.91720629e-01
6.41918182e-02
6.43365383e-02
6.43215179e-02
6.40454292e-02
6.43503666e-02
6.40318394e-02
6.77289963e-02
2.21951962e-01
7.54613876e-02
7.71434307e-02
6.82992935e-02
6.44035339e-02
6.44855499e-02
6.45315647e-02
6.97669983e-02
6.45568371e-02
6.43565655e-02
6.45749569e-02
6.78796768e-02
5.60823202e-01
6.45585060e-02
6.44040108e-02
6.45496845e-02
6.45213127e-02
6.41994476e-02
6.42042160e-02
6.77430630e-02
6.45897388e-02
1.29952908e-01
6.42852783e-02
6.69460297e-02
6.42514229e-02
6.42600060e-02
6.40854836e-02
6.41746521e-02
6.41584396e-02
6.40573502e-02
6.39045238e-02
6.40819073e-02
6.40482903e-02
6.41055107e-02
6.70437813e-02
1.31221533e-01
6.49807453e-02
6.80203438e-02
6.48469925e-02
6.48949146e-02
6.50510788e-02
6.47687912e-02
6.47299290e-02
6.45854473e-02
6.53545856e-02
6.46996498e-02
6.46076202e-02
6.46193027e-02
6.82833195e-02
1.42323017e-01
6.49471283e-02
6.79225922e-02
6.46653175e-02
6.46712780e-02
6.46345615e-02
6.47408962e-02
6.46250248e-02
6.46655560e-02
6.45101070e-02
6.46085739e-02
6.45945072e-02
6.46178722e-02
6.79438114e-02
2.31060743e-01
6.98971748e-02
6.47001266e-02
6.44745827e-02
6.47113323e-02
6.86547756e-02
6.46440983e-02
6.47580624e-02
6.46905899e-02
6.46965504e-02
6.48348331e-02
6.56449795e-02
6.80062771e-02
1.44733191e-01
6.49101734e-02
6.86180592e-02
3.97106886e-01
6.46212101e-02
6.43436909e-02
6.47630692e-02
6.44299984e-02
7.14569092e-02
1.31630421e-01
6.43382072e-02
6.75711632e-02
6.42652512e-02
6.41655922e-02
6.42714500e-02
6.49366379e-02
6.43789768e-02
6.42285347e-02
6.42178059e-02
6.49430752e-02
6.55181408e-02
6.42786026e-02
6.73916340e-02
1.44361019e-01
6.44819736e-02
6.82358742e-02
6.43725395e-02
6.43877983e-02
6.42237663e-02
6.42900467e-02
6.44114017e-02
6.81030750e-02
6.41534328e-02
6.41872883e-02
6.42955303e-02
6.44676685e-02
6.80956841e-02
1.71543360e-01
6.43539429e-02
6.73129559e-02
6.43351078e-02
6.43129349e-02
6.39631748e-02
6.39882088e-02
6.41722679e-02
6.40990734e-02
6.39989376e-02
6.40628338e-02
6.38263226e-02
6.39698505e-02
6.70511723e-02
1.59487247e-01
6.41207695e-02
6.74533844e-02
6.43324852e-02
6.42442703e-02
6.78982735e-02
6.42330647e-02
6.44059181e-02
6.77447319e-02
6.96780682e-02
6.43780231e-02
6.41667843e-02
6.41262531e-02
6.78424835e-02
1.37236357e-01
6.61911964e-02
6.73482418e-02
6.38272762e-02
7.48744011e-02
8.40811729e-02
6.78000450e-02
3.44419241e-01
3.53852034e-01
6.52709007e-02
6.49926662e-02
6.49771690e-02
6.48875237e-02
6.48376942e-02
6.51354790e-02
6.49101734e-02
6.47349358e-02
6.48994446e-02
6.47213459e-02
6.48136139e-02
1.50129557e-01
6.49943352e-02
6.82804585e-02
6.48121834e-02
6.47456646e-02
6.45563602e-02
6.46471977e-02
6.45861626e-02
6.46910667e-02
6.46646023e-02
6.46617413e-02
6.45596981e-02
6.45368099e-02
6.45599365e-02
1.34273291e-01
6.53319359e-02
6.50599003e-02
6.85231686e-02
6.96914196e-02
6.50775433e-02
6.50677681e-02
6.48562908e-02
6.49480820e-02
6.50947094e-02
6.49018288e-02
6.49516582e-02
6.50358200e-02
6.51657581e-02
6.78462982e-02
1.34949446e-01
6.51226044e-02
6.80248737e-02
6.48596287e-02
6.46348000e-02
6.46336079e-02
6.44142628e-02
6.46424294e-02
6.51867390e-02
6.45253658e-02
6.45377636e-02
6.45573139e-02
6.48593903e-02
6.80868626e-02
1.30089521e-01
6.47854805e-02
6.82010651e-02
6.46889210e-02
6.46409988e-02
6.44340515e-02
6.44793510e-02
6.47389889e-02
6.48131371e-02
6.47840500e-02
6.45115376e-02
6.46636486e-02
6.44989014e-02
6.44261837e-02
1.32912636e-01
6.48856163e-02
2.36243248e-01
6.48214817e-02
6.48648739e-02
6.48908615e-02
6.48245811e-02
6.45892620e-02
6.46080971e-02
6.44237995e-02
6.50067329e-02
6.47239685e-02
1.34084940e-01
6.45329952e-02
7.06694126e-02
6.41367435e-02
6.46328926e-02
6.46917820e-02
6.48036003e-02
6.47077560e-02
6.47218227e-02
6.45239353e-02
6.43517971e-02
6.46710396e-02
6.46398067e-02
6.45604134e-02
1.55942440e-01
6.49526119e-02
6.82377815e-02
6.45403862e-02
6.46734238e-02
6.42695427e-02
6.45067692e-02
6.43861294e-02
6.44783974e-02
6.44164085e-02
6.45096302e-02
6.43236637e-02
6.43012524e-02
6.43641949e-02
1.31184816e-01
6.45990372e-02
6.81138039e-02
6.46553040e-02
6.45329952e-02
6.46150112e-02
6.45000935e-02
6.44280910e-02
6.45980835e-02
6.44433498e-02
6.42325878e-02
6.44719601e-02
6.44741058e-02
6.44280910e-02
6.44612312e-02
1.29823685e-01
6.43098354e-02
7.74750710e-02
7.03575611e-02
6.45356178e-02
6.43661022e-02
6.46357536e-02
6.45747185e-02
6.43818378e-02
6.44655228e-02
6.44152164e-02
6.44936562e-02
6.43939972e-02
6.44719601e-02
1.68445110e-01
6.79323673e-02
7.00004101e-02
6.46193027e-02
6.44519329e-02
6.45742416e-02
6.44268990e-02
6.45153522e-02
6.43503666e-02
6.44946098e-02
6.42387867e-02
6.45234585e-02
6.46882057e-02
1.03425264e-01
9.56532955e-02
6.44266605e-02
6.77137375e-02
6.45709038e-02
6.45086765e-02
6.45573139e-02
6.44571781e-02
6.47990704e-02
6.46522045e-02
6.45797253e-02
6.47807121e-02
6.45709038e-02
6.47349358e-02
7.75167942e-02
1.10262227e+00
6.47304058e-02
7.12504387e-02
6.47463799e-02
6.47253990e-02
6.46922588e-02
6.47225380e-02
6.48152828e-02
6.48095608e-02
6.49197102e-02
6.59549236e-02
6.47666454e-02
6.48434162e-02
6.46712780e-02
1.69512510e-01
6.47835732e-02
6.81290627e-02
6.46202564e-02
6.45225048e-02
6.48005009e-02
6.87193871e-02
6.61838055e-02
6.47692680e-02
6.46636486e-02
6.45842552e-02
6.46736622e-02
6.47759438e-02
6.47444725e-02
1.89450026e-01
6.76548481e-02
6.43813610e-02
6.41915798e-02
6.43463135e-02
6.44924641e-02
3.95709515e-01
6.42166138e-02
1.37226582e-01
3.19420099e-01
6.53254986e-02
6.80871010e-02
6.48295879e-02
6.81331158e-02
6.83228970e-02
6.46278858e-02
6.83455467e-02
6.48026466e-02
6.47006035e-02
1.37429237e-01
6.48996830e-02
6.78074360e-02
6.48102760e-02
6.48303032e-02
6.46126270e-02
6.48684502e-02
6.47108555e-02
6.47349358e-02
6.45852089e-02
6.47785664e-02
6.86180592e-02
6.46107197e-02
6.83853626e-02
1.49733543e-01
6.49659634e-02
6.81564808e-02
6.46398067e-02
6.47556782e-02
6.46905899e-02
6.46564960e-02
6.47568703e-02
6.49383068e-02
6.45511150e-02
6.46760464e-02
6.45451546e-02
6.48264885e-02
6.87003136e-02
1.30200148e-01
6.82456493e-02
6.81319237e-02
6.46340847e-02
6.46939278e-02
6.45234585e-02
6.47749901e-02
6.46979809e-02
6.46026134e-02
6.47172928e-02
6.44330978e-02
6.47330284e-02
6.44795895e-02
6.46572113e-02
1.40654087e-01
6.76622391e-02
6.94668293e-02
6.48765564e-02
6.47993088e-02
6.46362305e-02
6.48136139e-02
6.47685528e-02
6.45048618e-02
6.46140575e-02
6.45155907e-02
6.45780563e-02
6.48429394e-02
6.46526814e-02
2.62866259e-01
6.47830963e-02
6.44333363e-02
6.45687580e-02
6.45513535e-02
6.46741390e-02
6.46915436e-02
6.47194386e-02
6.43672943e-02
6.44917488e-02
6.44097328e-02
6.46417141e-02
7.93733597e-02
1.46646500e-01
2.50457764e-01
6.40811920e-02
6.43708706e-02
6.42995834e-02
6.44218922e-02
6.43906593e-02
6.42650127e-02
6.43568039e-02
6.42788410e-02
6.40978813e-02
1.31080866e-01
7.07650185e-02
6.76496029e-02
6.44977093e-02
6.42812252e-02
6.40733242e-02
6.40676022e-02
6.42681122e-02
6.42199516e-02
6.42733574e-02
